[gd_scene load_steps=14 format=2]

[ext_resource path="res://scenes/GravitationalBody.tscn" type="PackedScene" id=1]
[ext_resource path="res://scenes/raymarched/MengerKIFS.tscn" type="PackedScene" id=2]
[ext_resource path="res://scenes/raymarched/KIFS.tscn" type="PackedScene" id=3]
[ext_resource path="res://shaders/MengerKIFS.shader" type="Shader" id=4]
[ext_resource path="res://scripts/SunLight.gd" type="Script" id=5]
[ext_resource path="res://scenes/raymarched/SerpinskiTetrahedron.tscn" type="PackedScene" id=6]
[ext_resource path="res://shaders/SerpinskiTetrahedron.shader" type="Shader" id=7]
[ext_resource path="res://shaders/KIFS.shader" type="Shader" id=8]
[ext_resource path="res://scenes/raymarched/Star.tscn" type="PackedScene" id=9]
[ext_resource path="res://scenes/Player.tscn" type="PackedScene" id=10]

[sub_resource type="ShaderMaterial" id=1]
shader = ExtResource( 4 )
shader_param/objectTransform = Transform( 0.556716, 0.506093, -0.658739, -0.326676, 0.862478, 0.386541, 0.763774, -1.63913e-07, 0.645484, -53.7434, 0, 0 )
shader_param/shipTransform = Transform( -0.0663089, -0.979146, 0.19203, 0, 0.192453, 0.981306, -0.997799, 0.0650694, -0.0127613, 12.9121, 7.51535, -21.4916 )
shader_param/shipShadow = false
shader_param/surfaceDistance = 0.01
shader_param/maxDistance = 1e+10
shader_param/sunRayDirection = Vector3( -53.3184, 0, 0 )
shader_param/sunSize = 0.0937762
shader_param/albedo = Color( 0.278431, 0.776471, 0.156863, 1 )
shader_param/roughness = 0.089
shader_param/specular = 1.0
shader_param/metallic = 0.901
shader_param/scale = 3.0
shader_param/rotx = 0.0
shader_param/roty = 0.0
shader_param/rotz = 0.0
shader_param/offset = Vector3( 1, 1, 0.5 )
shader_param/iterations = 6
shader_param/smoothing = 0.0

[sub_resource type="ShaderMaterial" id=2]
shader = ExtResource( 7 )
shader_param/objectTransform = Transform( 0.598127, -0.375966, -0.707739, 0.24268, 0.926634, -0.287153, 0.763774, 0, 0.645484, 22.6, 6.581, -0.077 )
shader_param/shipTransform = null
shader_param/shipShadow = false
shader_param/surfaceDistance = 0.01
shader_param/maxDistance = 1e+10
shader_param/sunRayDirection = Vector3( 23.025, 6.581, -0.077 )
shader_param/sunSize = 0.208793
shader_param/shadowNormalBias = 0.0
shader_param/albedo = Color( 0.772549, 0.729412, 0.0980392, 1 )
shader_param/roughness = 1.0
shader_param/specular = 0.193
shader_param/metallic = 0.11

[sub_resource type="ShaderMaterial" id=3]
shader = ExtResource( 8 )
shader_param/objectTransform = Transform( 0.492443, 0.646511, -0.582687, -0.417312, 0.762905, 0.493788, 0.763775, -1.78814e-07, 0.645485, -0.440861, 78.5961, 82.3049 )
shader_param/shipTransform = null
shader_param/shipShadow = false
shader_param/surfaceDistance = 0.002
shader_param/maxDistance = 1e+10
shader_param/sunRayDirection = Vector3( -0.0158781, 78.5961, 82.3049 )
shader_param/sunSize = 0.043935
shader_param/axis = Vector3( 1.219, 1, -0.954 )
shader_param/angle = 0.107
shader_param/iterations = 20
shader_param/smoothing = 0.01
shader_param/fScale = 1.591
shader_param/vOffset = Vector3( -0.133, -1.963, -0.103 )
shader_param/albedo = Color( 0.482353, 0.482353, 0.482353, 1 )
shader_param/roughness = 0.9
shader_param/specular = 0.0
shader_param/metallic = 0.417

[node name="Spatial" type="Spatial"]

[node name="GravitationalBody" parent="." instance=ExtResource( 1 )]
transform = Transform( 1, 0, 0, 0, 1, 0, 0, 0, 1, -0.424983, 0, 0 )
mass = 302.28
angular_velocity = Vector3( 0, -0.176, 0 )

[node name="Star" parent="GravitationalBody" instance=ExtResource( 9 )]
transform = Transform( 0.95882, -0.284015, 0, 0.284015, 0.95882, 0, 0, 0, 1, 0, 0, 0 )

[node name="SunLight" type="OmniLight" parent="GravitationalBody"]
light_energy = 2.61
omni_range = 500.0
omni_attenuation = 2.07053
script = ExtResource( 5 )
size = 5.0

[node name="GravitationalBody2" parent="." instance=ExtResource( 1 )]
transform = Transform( 0.645484, 0, -0.763774, 0, 1, 0, 0.763774, 0, 0.645484, -53.7434, 0, 0 )
mass = 15.0
linear_velocity = Vector3( 0, 0, -5.446 )
angular_velocity = Vector3( 0, 0.2, 0 )

[node name="MengerKIFS" parent="GravitationalBody2" instance=ExtResource( 2 )]
transform = Transform( 0.942702, 0.326675, 0.0677988, -0.326676, 0.862478, 0.386541, 0.0677987, -0.386541, 0.919777, 0, 0, 0 )
material/0 = SubResource( 1 )
fractal_scale = 3.0
rotx = 0.0
roty = 0.0
rotz = 0.0
smoothing = 0.0
iterations = 6
offset = Vector3( 1, 1, 0.5 )

[node name="GravitationalBody3" parent="." instance=ExtResource( 1 )]
transform = Transform( 0.645484, 0, -0.763774, 0, 1, 0, 0.763774, 0, 0.645484, 22.6, 6.581, -0.077 )
mass = 10.0
linear_velocity = Vector3( 0, 0, 7.3 )
angular_velocity = Vector3( 0, -1.354, -0.132 )

[node name="Serpinski" parent="GravitationalBody3" instance=ExtResource( 6 )]
transform = Transform( 0.969432, -0.24268, 0.0361699, 0.24268, 0.926634, -0.287153, 0.0361699, 0.287153, 0.957202, 0, -4.76837e-07, 0 )
material/0 = SubResource( 2 )

[node name="GravitationalBody4" parent="." instance=ExtResource( 1 )]
transform = Transform( 0.645484, 0, -0.763774, 0, 1, 0, 0.763774, 0, 0.645484, -0.448692, 78.5895, 82.3213 )
linear_velocity = Vector3( -2.221, -0.481, 0 )
angular_velocity = Vector3( -0.333, -0.379, 0 )

[node name="KIFS" parent="GravitationalBody4" instance=ExtResource( 3 )]
transform = Transform( 0.901215, 0.417312, 0.116889, -0.417312, 0.762905, 0.493788, 0.116889, -0.493788, 0.861691, -0.00748062, 0.0065918, -0.0165749 )
skeleton = NodePath("")
material/0 = SubResource( 3 )
smoothing = 0.01
fScale = 1.591
vOffset = Vector3( -0.133, -1.963, -0.103 )

[node name="DirectionalLight" type="DirectionalLight" parent="."]
transform = Transform( 1, 0, 0, 0, 0.34777, 0.93758, 0, -0.93758, 0.34777, 0, 0, 0 )

[node name="Player" parent="." instance=ExtResource( 10 )]
transform = Transform( 1, 0, 0, 0, 1, 0, 0, 0, 1, -1.09989, 12.8544, -0.0747621 )
linear_velocity = Vector3( 10, 0, 0 )

[editable path="GravitationalBody/Star"]
