[gd_scene load_steps=10 format=2]

[ext_resource path="res://scenes/levels/Level.tscn" type="PackedScene" id=1]
[ext_resource path="res://scenes/raymarched/Star.tscn" type="PackedScene" id=2]
[ext_resource path="res://scenes/raymarched/KIFS.tscn" type="PackedScene" id=3]
[ext_resource path="res://shaders/KIFSOrbitTrap.shader" type="Shader" id=4]
[ext_resource path="res://scenes/StaticGravitationalBody.tscn" type="PackedScene" id=5]
[ext_resource path="res://scenes/Objective.tscn" type="PackedScene" id=6]
[ext_resource path="res://scripts/raymarched/KIFSHollow.gd" type="Script" id=7]

[sub_resource type="CubeMesh" id=1]
size = Vector3( 30, 30, 30 )

[sub_resource type="ShaderMaterial" id=2]
shader = ExtResource( 4 )
shader_param/objectTransform = Transform( 0.949562, -0.313578, 0, 0.280006, 0.847902, -0.450176, 0.141165, 0.427471, 0.89294, -0.00747824, -21.7922, -0.0165758 )
shader_param/shipTransform = Transform( 1, 1.03316e-07, 1.77796e-14, 0, -1.62921e-07, 1, 1.03316e-07, -1, -1.62921e-07, 0, 0, 0 )
shader_param/shipShadow = true
shader_param/surfaceDistance = 0.002
shader_param/maxDistance = 1e+10
shader_param/objectScale = 1.0
shader_param/sunRayDirection = Vector3( -107.644, -81.2373, 145.864 )
shader_param/sunSize = 0.0201355
shader_param/axis = Vector3( -1.208, 0.296, 0.261 )
shader_param/angle = 0.201
shader_param/iterations = 20
shader_param/smoothing = 0.1
shader_param/fScale = 1.235
shader_param/vOffset = Vector3( -2.2, -3.043, 0.065 )
shader_param/albedo = Color( 0.45098, 0.258824, 0, 1 )
shader_param/trap1_albedo = Color( 0.0196078, 0.223529, 0, 1 )
shader_param/trap1 = Vector3( 5.547, -2.596, 0 )
shader_param/trap1scale = 0.063
shader_param/trap2_albedo = Color( 0, 0, 0, 1 )
shader_param/trap2 = Vector3( 0, 0, 0 )
shader_param/trap2scale = 0.0
shader_param/roughness = 0.9
shader_param/specular = 0.0
shader_param/metallic = 0.0

[node name="Level" instance=ExtResource( 1 )]

[node name="StartPosition" parent="." index="1"]
transform = Transform( -1, 4.53748e-08, -7.47253e-08, 0, 0.854758, 0.519027, 8.74228e-08, 0.519027, -0.854758, 0, 261.873, -328.618 )

[node name="PreviewPosition" parent="." index="2"]
transform = Transform( -0.76141, 0.127115, 0.635686, 0.0786985, 0.991459, -0.103994, -0.643476, -0.0291542, -0.76491, 33.2169, -0.508162, -58.2686 )

[node name="PostviewPosition" parent="." index="3"]
transform = Transform( -0.738632, -1.86264e-09, -0.674109, 0.00605913, 0.999959, -0.00663908, 0.674082, -0.00898835, -0.738602, 94.44, 20.4141, 38.6227 )

[node name="Player" parent="LevelObjects" index="0"]
linear_velocity = Vector3( 0, 0, -2 )

[node name="Star" parent="LevelObjects" index="1" instance=ExtResource( 2 )]
transform = Transform( 1, 0, 0, 0, 1, 0, 0, 0, 1, 107.637, 59.4451, -145.881 )
mass = 0.0

[node name="KIFS" parent="LevelObjects" index="2" instance=ExtResource( 3 )]
transform = Transform( 0.949562, -0.313578, 0, 0.280006, 0.847902, -0.450176, 0.141165, 0.427471, 0.89294, -0.00747824, -21.7922, -0.0165758 )
mesh = SubResource( 1 )
material/0 = SubResource( 2 )
script = ExtResource( 7 )
axis = Vector3( -1.208, 0.296, 0.261 )
angle = 0.201
smoothing = 0.1
fScale = 1.235
vOffset = Vector3( -2.2, -3.043, 0.065 )
sdf_offset = -0.6

[node name="Objective" parent="LevelObjects/KIFS" index="0" instance=ExtResource( 6 )]

[node name="StaticGravitationalBody" parent="LevelObjects/KIFS" index="1" instance=ExtResource( 5 )]
mass = 20.0
radius = 5.0

[node name="LevelNumber" parent="Text" index="0"]
text = "Level 7:"

[node name="LevelTitle" parent="Text" index="1"]
text = "Newton's Apple Tree"

[node name="HintText" parent="Text" index="2"]
text = "Let gravity do the work."
