[gd_scene load_steps=12 format=2]

[ext_resource path="res://scenes/levels/Level.tscn" type="PackedScene" id=1]
[ext_resource path="res://scenes/raymarched/Star.tscn" type="PackedScene" id=2]
[ext_resource path="res://scenes/raymarched/KIFS.tscn" type="PackedScene" id=3]
[ext_resource path="res://scripts/raymarched/KIFSHollow.gd" type="Script" id=4]
[ext_resource path="res://scenes/StaticGravitationalBody.tscn" type="PackedScene" id=5]
[ext_resource path="res://scenes/Objective.tscn" type="PackedScene" id=7]
[ext_resource path="res://shaders/KIFSOrbitTrap.shader" type="Shader" id=8]

[sub_resource type="CubeMesh" id=3]
size = Vector3( 10, 10, 6 )

[sub_resource type="ShaderMaterial" id=2]
shader = ExtResource( 8 )
shader_param/objectTransform = Transform( 0.936566, 0.344311, 0.065525, -0.345053, 0.938583, 0, -0.0615007, -0.0226096, 0.997851, -0.00747824, 0.00658941, -0.0165758 )
shader_param/shipTransform = Transform( 1, 1.03316e-07, 1.77796e-14, 0, -1.62921e-07, 1, 1.03316e-07, -1, -1.62921e-07, 0.331619, 0.0392816, 8.03527 )
shader_param/shipShadow = true
shader_param/surfaceDistance = 0.002
shader_param/maxDistance = 1e+10
shader_param/objectScale = 1.2
shader_param/sunRayDirection = Vector3( -79.7877, -59.4385, -158.742 )
shader_param/sunSize = 0.0213511
shader_param/axis = Vector3( -1, 1, 0.438 )
shader_param/angle = 0.355
shader_param/iterations = 25
shader_param/smoothing = 0.01
shader_param/fScale = 1.25
shader_param/vOffset = Vector3( -1, -1, 0.551 )
shader_param/albedo = Color( 1, 0.596078, 0, 1 )
shader_param/trap1_albedo = Color( 0.462745, 0.298039, 0, 1 )
shader_param/trap1 = Vector3( 2.945, 2.392, 3.58 )
shader_param/trap1scale = 0.053
shader_param/trap2_albedo = Color( 0.898039, 1, 0, 1 )
shader_param/trap2 = Vector3( -1.441, 10, 10 )
shader_param/trap2scale = 0.281
shader_param/roughness = 0.198
shader_param/specular = 0.0
shader_param/metallic = 0.883

[sub_resource type="ShaderMaterial" id=4]
shader = ExtResource( 8 )
shader_param/objectTransform = Transform( 0.544767, -0.290921, 0.786507, 0.576323, 0.811186, -0.0991362, -0.609163, 0.507289, 0.609573, -10.1328, 0.00016314, -26.4198 )
shader_param/shipTransform = Transform( 1, 1.03316e-07, 1.77796e-14, 0, -1.62921e-07, 1, 1.03316e-07, -1, -1.62921e-07, 0.331619, 0.0392816, 8.03527 )
shader_param/shipShadow = true
shader_param/surfaceDistance = 0.002
shader_param/maxDistance = 1e+10
shader_param/objectScale = 1.2
shader_param/sunRayDirection = Vector3( -89.9129, -59.4449, -185.145 )
shader_param/sunSize = 0.0186711
shader_param/axis = Vector3( -1, 1, 0.438 )
shader_param/angle = 0.355
shader_param/iterations = 25
shader_param/smoothing = 0.01
shader_param/fScale = 1.25
shader_param/vOffset = Vector3( -1, -1, 0.551 )
shader_param/albedo = Color( 0.694118, 0.411765, 0, 1 )
shader_param/trap1_albedo = Color( 0.364706, 0.235294, 0, 1 )
shader_param/trap1 = Vector3( 2.945, 2.392, 3.58 )
shader_param/trap1scale = 0.053
shader_param/trap2_albedo = Color( 0, 0.686275, 1, 1 )
shader_param/trap2 = Vector3( -1.441, 10, 10 )
shader_param/trap2scale = 0.281
shader_param/roughness = 0.198
shader_param/specular = 0.0
shader_param/metallic = 0.883

[sub_resource type="ShaderMaterial" id=5]
shader = ExtResource( 8 )
shader_param/objectTransform = Transform( 0.42329, 0.531774, 0.733513, 0.688363, 0.337623, -0.642001, -0.58905, 0.776676, -0.223141, -43.6397, 16.8659, -26.4198 )
shader_param/shipTransform = Transform( 1, 1.03316e-07, 1.77796e-14, 0, -1.62921e-07, 1, 1.03316e-07, -1, -1.62921e-07, 0.331619, 0.0392816, 8.03527 )
shader_param/shipShadow = true
shader_param/surfaceDistance = 0.002
shader_param/maxDistance = 1e+10
shader_param/objectScale = 1.2
shader_param/sunRayDirection = Vector3( -123.42, -42.5792, -185.145 )
shader_param/sunSize = 0.0176563
shader_param/axis = Vector3( -1, 1, 0.438 )
shader_param/angle = 0.355
shader_param/iterations = 25
shader_param/smoothing = 0.01
shader_param/fScale = 1.25
shader_param/vOffset = Vector3( -1, -1, 0.551 )
shader_param/albedo = Color( 0.639216, 0, 0.501961, 1 )
shader_param/trap1_albedo = Color( 0.156863, 0.156863, 0, 1 )
shader_param/trap1 = Vector3( 2.945, 2.392, 3.58 )
shader_param/trap1scale = 0.041
shader_param/trap2_albedo = Color( 1, 0.101961, 0, 1 )
shader_param/trap2 = Vector3( -1.441, 10, 10 )
shader_param/trap2scale = 0.438
shader_param/roughness = 0.198
shader_param/specular = 0.0
shader_param/metallic = 0.883

[node name="Level" instance=ExtResource( 1 )]

[node name="StartPosition" parent="." index="1"]
transform = Transform( -1, 4.53748e-08, -7.47253e-08, 0, 0.854758, 0.519027, 8.74228e-08, 0.519027, -0.854758, 0, 261.873, -328.618 )

[node name="PreviewPosition" parent="." index="2"]
transform = Transform( -0.76141, 0.127115, 0.635686, 0.0786985, 0.991459, -0.103994, -0.643476, -0.0291542, -0.76491, 33.2169, -0.508162, -58.2686 )

[node name="PostviewPosition" parent="." index="3"]
transform = Transform( -0.738632, -1.86264e-09, -0.674109, 0.00605913, 0.999959, -0.00663908, 0.674082, -0.00898835, -0.738602, 94.44, 20.4141, 38.6227 )

[node name="Player" parent="LevelObjects" index="0"]
transform = Transform( 1, 0, -1.06581e-14, 0, 1, 0, 1.06581e-14, 0, 1, 0.331619, 0.0392816, 8.03527 )
bullet_time_thrust = 10.0
fixed_gravity = true
linear_velocity = Vector3( 0, 0, -5 )

[node name="Star" parent="LevelObjects" index="1" instance=ExtResource( 2 )]
transform = Transform( 1, 0, 0, 0, 1, 0, 0, 0, 1, 79.7802, 59.4451, 158.725 )
mass = 0.0

[node name="StaticGravitationalBody" parent="LevelObjects" index="2" instance=ExtResource( 5 )]
mass = 1.0

[node name="KIFS" parent="LevelObjects/StaticGravitationalBody" index="0" instance=ExtResource( 3 )]
transform = Transform( 0.936566, 0.344311, 0.065525, -0.345053, 0.938583, 0, -0.0615007, -0.0226096, 0.997851, -0.00747824, 0.00658941, -0.0165758 )
mesh = SubResource( 3 )
material/0 = SubResource( 2 )
script = ExtResource( 4 )
object_scale = 1.2
axis = Vector3( -1, 1, 0.438 )
angle = 0.355
iterations = 25
smoothing = 0.01
fScale = 1.25
vOffset = Vector3( -1, -1, 0.551 )
sdf_offset = -1.497
hollow_size = 0.5

[node name="Objective" parent="LevelObjects/StaticGravitationalBody/KIFS" index="0" instance=ExtResource( 7 )]

[node name="StaticGravitationalBody2" parent="LevelObjects" index="3" instance=ExtResource( 5 )]
transform = Transform( 0.461579, -0.461027, 0.757891, 0.81257, 0.562504, -0.152708, -0.355914, 0.686326, 0.634257, -10.1137, 1.90735e-06, -26.4165 )
mass = 1.0

[node name="KIFS" parent="LevelObjects/StaticGravitationalBody2" index="0" instance=ExtResource( 3 )]
transform = Transform( 0.936566, 0.344311, 0.065525, -0.345053, 0.938583, 0, -0.0615007, -0.0226096, 0.997851, -0.00747824, 0.00658941, -0.0165758 )
mesh = SubResource( 3 )
material/0 = SubResource( 4 )
script = ExtResource( 4 )
object_scale = 1.2
axis = Vector3( -1, 1, 0.438 )
angle = 0.355
iterations = 25
smoothing = 0.01
fScale = 1.25
vOffset = Vector3( -1, -1, 0.551 )
sdf_offset = -1.497
hollow_size = 0.5

[node name="Objective" parent="LevelObjects/StaticGravitationalBody2/KIFS" index="0" instance=ExtResource( 7 )]

[node name="KIFS2" parent="LevelObjects/StaticGravitationalBody2" index="1" instance=ExtResource( 3 )]
transform = Transform( 0.964376, 0.243368, -0.103677, -0.212222, 0.477805, -0.852445, -0.157919, 0.844081, 0.512433, -1.76905, 24.9413, -27.9867 )
mesh = SubResource( 3 )
material/0 = SubResource( 5 )
script = ExtResource( 4 )
object_scale = 1.2
axis = Vector3( -1, 1, 0.438 )
angle = 0.355
iterations = 25
smoothing = 0.01
fScale = 1.25
vOffset = Vector3( -1, -1, 0.551 )
sdf_offset = -1.497
hollow_size = 0.5

[node name="Objective" parent="LevelObjects/StaticGravitationalBody2/KIFS2" index="0" instance=ExtResource( 7 )]

[node name="LevelNumber" parent="Text" index="0"]
text = "Level 8:"

[node name="LevelTitle" parent="Text" index="1"]
text = "Target Practice"

[node name="HintText" parent="Text" index="2"]
text = ""
